1000
91 24 30
37 33 18
85 73 70
63 90 6
2 20 12
100 23 20
50 96 59
56 61 7
0 32 79
63 73 6
100 97 2
25 40 82
47 88 70
49 60 88
17 43 82
71 52 15
67 43 16
55 84 13
83 81 21
94 29 22
91 41 56
67 58 20
52 36 12
14 60 30
34 54 33
81 3 94
23 79 47
79 8 72
16 81 80
13 78 5
95 61 13
53 85 73
60 24 94
17 32 44
47 1 94
91 10 57
10 5 43
44 33 42
68 94 26
99 58 92
70 100 38
64 25 83
46 100 56
62 67 78
34 29 37
100 18 7
79 29 41
79 48 76
16 5 23
16 39 79
100 98 41
1 95 53
44 31 91
7 84 22
89 74 71
17 2 33
72 98 89
31 57 62
29 37 5
79 4 33
62 59 95
29 72 80
75 30 25
59 98 12
47 32 85
28 46 55
81 30 41
4 1 83
12 83 57
56 48 75
22 14 70
61 85 22
2 72 59
99 13 4
4 87 25
67 14 93
47 68 48
2 98 62
84 79 64
25 43 87
97 10 17
22 2 57
100 61 33
1 55 20
56 92 59
37 43 86
59 19 85
24 60 67
7 72 10
100 31 11
50 22 62
31 11 98
0 42 24
97 10 91
15 70 53
83 12 56
28 58 46
37 24 17
90 69 64
64 96 55
38 87 35
67 45 84
23 8 13
40 47 81
35 64 17
6 10 20
82 93 96
72 21 28
78 21 43
34 44 71
78 31 43
48 86 21
85 9 98
41 97 37
73 91 41
65 46 89
100 27 67
42 7 15
80 65 25
63 4 15
29 21 89
89 86 90
84 63 8
2 67 55
10 32 14
79 48 79
7 13 96
41 54 55
38 6 39
76 10 62
73 7 6
15 27 85
44 52 32
83 89 31
77 28 9
3 38 18
47 53 21
2 32 95
43 58 83
20 41 6
57 92 78
93 5 46
11 45 87
20 56 46
53 89 74
25 55 35
43 81 99
39 68 98
75 18 61
82 89 7
11 99 88
84 1 80
42 35 78
2 47 93
63 42 23
58 58 81
63 97 5
68 88 23
74 35 91
51 34 61
18 89 10
63 74 95
98 87 25
52 33 14
19 32 19
87 63 16
3 22 39
58 91 89
67 45 63
19 78 93
40 29 19
56 44 57
14 84 31
82 77 39
35 9 73
45 38 11
37 13 100
52 39 2
31 86 25
43 47 33
59 78 24
26 4 85
89 48 39
11 78 3
31 11 66
35 16 42
7 33 36
4 80 61
34 66 96
52 27 39
2 94 46
54 84 77
65 77 89
73 35 23
22 75 38
97 40 45
99 70 86
97 18 34
32 46 61
4 95 82
100 68 14
10 87 38
21 88 44
57 10 21
70 25 2
95 88 7
75 97 59
20 56 69
99 99 99
47 39 84
41 85 26
75 33 74
67 89 59
46 100 80
24 89 95
18 69 54
75 83 75
26 91 40
34 74 94
73 60 73
10 72 100
23 5 33
76 27 10
70 72 24
31 15 100
5 21 40
21 63 84
71 83 38
82 79 96
38 10 22
19 23 85
38 8 35
98 4 46
46 18 82
64 15 25
79 6 30
3 98 22
74 32 16
34 14 7
90 72 20
34 85 73
49 97 30
85 7 21
23 7 3
89 42 1
8 92 17
37 2 41
76 7 28
12 98 95
89 80 24
24 29 11
2 21 41
95 52 21
75 37 68
14 46 40
6 45 79
10 33 33
90 70 34
11 30 40
56 91 37
22 21 46
34 38 11
80 60 28
0 55 55
62 18 5
59 96 91
58 85 42
87 63 13
41 35 64
36 86 34
9 77 77
47 92 81
84 18 41
94 41 86
77 41 62
4 64 60
20 46 39
28 100 1
67 83 21
67 60 99
38 13 25
2 76 15
76 82 99
33 29 79
96 80 66
98 57 37
14 81 78
41 98 74
50 95 41
54 8 62
87 37 36
60 4 61
7 79 5
64 76 28
82 42 37
30 61 23
73 4 82
95 53 33
7 78 53
60 81 83
65 70 12
99 70 27
56 56 52
21 57 20
95 62 96
2 77 57
67 60 11
24 8 15
16 58 42
87 22 56
77 83 32
72 36 27
29 23 13
28 37 95
44 95 98
91 77 63
91 86 25
7 52 33
29 90 66
72 84 72
66 96 69
20 11 46
74 83 52
4 45 66
83 15 78
0 15 62
80 25 64
3 96 47
91 96 80
23 35 44
9 78 90
11 73 54
98 31 67
61 6 25
74 32 14
49 47 74
8 61 41
86 25 64
69 96 3
9 70 2
92 7 98
58 86 97
33 61 4
37 59 59
73 94 45
90 69 60
77 75 10
69 26 21
20 46 63
86 67 92
55 94 47
57 41 42
13 46 10
43 9 84
11 92 53
72 82 11
64 20 30
93 21 57
97 61 94
78 13 34
92 55 47
100 9 27
97 58 73
28 43 83
44 68 69
75 56 53
53 92 12
35 43 32
42 91 58
52 37 89
30 15 68
51 16 84
70 70 72
82 28 71
1 13 64
23 70 19
94 75 65
75 40 70
59 83 100
60 81 24
31 47 82
17 78 67
16 74 2
14 12 58
47 66 45
33 6 28
93 37 34
84 70 75
85 16 71
37 87 64
42 8 52
61 63 52
29 16 45
39 5 87
55 36 81
35 45 55
14 33 90
74 86 67
1 74 53
96 67 6
34 99 40
53 70 66
31 3 8
82 65 54
73 41 26
90 98 72
36 61 83
39 12 84
100 45 18
68 88 5
93 79 38
96 23 79
93 62 100
38 18 74
10 33 56
80 66 44
53 52 65
100 39 9
32 98 7
46 74 16
57 71 100
19 32 69
53 76 77
95 11 94
34 15 71
32 77 66
7 52 70
73 81 29
67 77 35
88 5 55
7 38 80
71 87 7
27 63 72
84 79 48
61 53 3
76 70 22
12 72 15
52 29 5
100 17 30
96 31 25
36 42 44
60 83 20
94 62 11
91 47 20
7 13 7
96 95 29
63 39 40
75 71 84
4 79 33
36 98 27
99 3 95
82 35 76
57 53 73
78 22 46
10 37 85
77 89 75
20 62 88
11 99 92
69 91 72
64 16 62
69 62 92
58 99 46
30 64 33
53 28 74
8 20 80
8 78 93
2 36 39
83 25 47
53 46 81
78 53 78
6 36 66
87 21 91
43 41 16
10 19 4
100 1 1
8 47 90
75 93 5
84 98 55
37 92 57
35 87 31
85 73 67
29 94 95
86 23 47
54 98 4
29 71 99
1 54 73
93 73 82
13 45 52
91 5 25
91 65 22
54 47 14
74 35 78
34 29 29
8 100 13
52 71 98
24 24 77
8 13 21
4 62 87
100 37 76
73 81 87
51 66 33
1 52 5
10 36 76
19 77 72
32 27 27
5 42 25
88 93 40
54 28 35
1 87 21
55 65 61
11 83 30
4 17 11
6 23 99
62 17 79
25 54 15
79 100 64
16 53 10
32 71 93
28 75 45
99 92 73
36 4 21
84 79 77
66 90 100
54 53 91
65 77 76
54 83 44
43 89 76
75 55 81
15 48 19
39 62 100
11 72 92
14 63 94
58 90 100
35 68 35
45 12 15
8 64 34
80 78 67
57 75 37
34 21 80
3 19 75
93 68 55
94 30 5
19 57 99
88 55 34
78 12 26
39 39 55
17 24 45
8 34 45
61 55 7
1 94 5
23 68 11
51 46 69
93 61 47
94 6 97
30 60 84
2 1 3
2 42 20
37 21 1
78 12 41
15 28 37
22 20 89
14 19 22
84 40 70
33 18 17
86 14 22
23 76 96
25 61 69
91 22 82
57 38 52
21 94 36
11 97 8
1 12 64
32 67 10
75 97 39
81 40 43
13 15 75
43 44 59
46 65 73
28 14 70
95 21 59
98 22 42
38 86 11
59 75 32
22 34 52
49 35 2
52 27 3
72 9 77
30 64 56
1 23 28
66 20 11
41 62 75
85 93 63
52 68 7
93 28 75
62 44 84
6 12 13
35 8 16
45 39 5
72 40 83
23 7 57
94 73 33
45 19 56
17 26 74
37 65 24
49 86 5
54 93 10
66 26 38
29 25 59
4 47 1
53 97 9
42 67 86
8 88 1
47 27 41
88 45 37
50 22 39
54 28 31
81 64 70
55 58 79
73 94 6
26 7 46
89 11 13
43 82 18
86 41 9
41 9 44
12 72 83
63 18 95
68 47 78
87 70 20
75 2 67
51 61 55
16 35 59
34 26 6
22 41 17
61 88 67
47 12 95
46 25 23
8 44 91
20 24 95
38 100 15
83 41 63
65 39 45
69 3 81
24 26 19
63 47 47
6 54 76
74 13 7
100 66 7
15 72 4
34 16 89
63 5 13
13 99 9
99 35 58
6 74 32
63 38 11
43 97 35
13 62 100
13 63 44
21 52 78
34 68 35
85 70 9
57 58 89
34 44 91
70 59 36
42 62 90
18 56 55
69 82 83
84 58 8
66 69 9
13 66 1
27 86 68
57 26 71
3 89 85
83 62 4
37 62 67
88 17 98
1 73 59
17 75 28
51 65 58
7 54 41
91 54 60
82 56 91
95 11 94
34 72 48
33 35 34
51 61 95
2 100 54
61 29 41
98 85 38
43 48 99
42 93 80
79 31 94
32 38 20
87 47 83
11 32 65
77 75 53
40 29 7
14 72 37
19 87 86
32 10 75
39 42 75
78 100 69
12 8 16
90 93 62
36 22 35
72 68 30
55 68 37
24 98 37
75 69 6
39 85 37
76 77 73
59 22 76
74 3 72
66 19 66
2 64 93
19 7 99
32 15 55
81 53 85
34 92 25
25 23 43
55 71 46
95 22 15
36 32 85
84 38 75
16 66 92
24 84 57
13 68 39
39 43 22
58 18 38
1 28 70
23 36 86
87 12 14
25 69 7
70 35 42
2 57 53
15 100 82
25 17 18
79 69 11
91 48 60
0 71 40
30 86 56
34 59 57
24 100 35
92 80 87
84 26 67
41 58 27
100 84 72
67 5 11
86 22 44
38 2 57
98 69 74
89 8 11
42 58 87
82 32 14
22 54 16
25 47 39
7 21 17
44 71 96
77 18 99
41 12 92
66 96 69
83 77 15
46 59 25
21 61 42
40 87 59
56 80 4
0 57 27
38 31 43
84 30 23
5 47 66
35 55 45
16 97 9
71 75 25
53 77 48
18 66 28
26 54 1
57 87 8
5 47 9
97 70 4
2 93 86
84 32 46
57 61 15
73 44 1
57 28 81
52 60 75
12 85 59
41 97 68
54 13 86
97 40 88
10 55 4
86 75 33
100 70 91
28 74 83
11 45 47
71 8 8
54 70 59
60 68 69
18 75 3
78 56 13
13 55 55
84 93 54
21 89 97
11 10 80
45 70 62
13 28 46
47 66 68
55 48 15
34 64 3
81 69 83
82 24 95
25 74 22
65 91 93
75 23 60
67 1 56
25 2 9
12 100 82
10 67 92
61 87 41
91 61 19
3 75 98
30 5 25
86 15 32
48 69 67
99 95 91
50 58 100
87 20 40
0 30 70
53 22 1
96 2 72
13 42 34
64 70 73
78 28 94
88 76 98
42 25 39
0 27 62
24 1 68
91 59 33
47 8 15
0 92 67
17 52 13
12 55 55
96 10 58
78 3 72
39 81 80
89 80 48
20 18 1
82 86 16
74 77 38
85 84 21
60 98 27
22 95 30
59 72 79
55 77 36
27 65 77
68 23 92
79 46 84
72 83 63
67 68 52
8 3 76
54 69 77
38 42 11
12 71 89
63 75 34
15 29 66
96 28 17
45 39 23
50 91 58
99 10 38
8 58 1
52 91 16
33 24 78
41 85 37
55 94 1
28 53 36
49 18 95
44 27 57
80 2 41
69 18 21
73 66 59
11 60 98
47 25 9
13 15 91
20 73 83
61 11 97
61 95 87
76 58 19
7 55 65
93 8 68
75 18 15
30 83 16
42 4 54
44 19 7
44 35 57
71 75 75
4 78 15
77 23 24
0 10 42
74 24 4
36 93 63
44 65 58
34 27 91
50 69 97
2 35 88
32 81 7
67 12 75
18 82 44
72 15 93
40 31 94
61 71 58
66 89 30
53 61 85
5 92 68
45 58 69
85 74 65
15 73 20
55 37 9
66 30 100
58 20 9
91 2 82
67 88 33
39 5 38
99 8 69
7 29 92
95 82 27
92 33 47
51 22 21
87 37 39
10 28 72
56 57 34
84 53 47
1 90 31
92 38 94
17 17 24
28 1 34
12 65 66
54 99 95
5 20 37
38 92 85
60 34 72
93 6 84
80 33 25
91 2 12
48 16 37
44 88 41
36 67 58
66 15 25
27 23 72
90 77 46
61 34 14
16 10 4
86 82 81
95 44 79
54 6 54
53 100 79
36 60 91
51 57 31
38 91 22
15 40 98
52 22 97
75 53 41
91 63 31
67 19 16
10 86 69
31 80 31
76 5 76
51 72 5
33 20 79
27 97 67
85 12 5
74 9 58
100 66 13
90 22 23
80 22 42
100 33 89
55 80 45
100 54 94
65 81 74
19 38 41
45 4 63
19 8 1
98 29 77
43 72 63
10 55 27
98 85 64
90 78 19
13 98 74
48 21 33
23 58 58
53 48 96
98 80 87
65 83 43
29 36 86
13 9 61
6 56 93
76 21 60
6 68 91
49 22 17
3 40 45
57 85 91
5 97 10
100 6 31
